NA_id,P_id,score,type,N-AA,
A-1001,A-531,0.63,3',AMP-LYS,
A-1001,A-531,0.52,5',AMP-LYS,
A-1001,A-343,0.64,H,AMP-GLY,
A-1001,A-343,0.76,3',AMP-GLY_Backbone,
A-1001,A-343,0.6,H,AMP-GLY_Backbone,
A-1001,A-343,0.5,W,AMP-GLY_Backbone,
A-1001,A-318,0.72,H,AMP-GLY,
A-1001,A-318,0.52,5',AMP-GLY,
A-1001,A-318,0.96,3',AMP-GLY_Backbone,
A-1001,A-318,0.77,5',AMP-GLY_Backbone,
A-1001,A-318,0.76,W,AMP-GLY_Backbone,
A-1001,A-318,0.68,H,AMP-GLY_Backbone,
A-1001,A-424,0.6,5',AMP-ASP,
A-1001,A-439,0.5,W,AMP-ARG,
A-1001,A-341,0.6,H,AMP-GLY,
A-1001,A-341,0.6,W,AMP-GLY_Backbone,
A-1001,A-342,0.89,5',AMP-TYR,
A-1001,A-342,0.74,3',AMP-TYR,
A-1001,A-342,0.64,H,AMP-TYR,
A-1001,A-342,0.5,W,AMP-TYR,
A-1001,A-342,0.5,W,AMP-TYR_Backbone,
A-1001,A-319,0.66,S,AMP-ALA,
A-1001,A-319,0.54,W,AMP-ALA,
A-1001,A-319,1.0,5',AMP-ALA_Backbone,
A-1001,A-319,0.86,W,AMP-ALA_Backbone,
A-1001,A-319,0.78,3',AMP-ALA_Backbone,
A-1001,A-319,0.56,H,AMP-ALA_Backbone,
A-1001,A-319,0.52,S,AMP-ALA_Backbone,
A-1001,A-340,0.59,W,AMP-GLN,
A-1001,A-320,0.8,3',AMP-PRO,
A-1001,A-320,0.76,W,AMP-PRO,
A-1001,A-320,0.57,5',AMP-PRO,
A-1001,A-320,0.56,H,AMP-PRO,
A-1001,A-320,0.68,5',AMP-PRO_Backbone,
A-1001,A-320,0.64,W,AMP-PRO_Backbone,
A-1001,A-320,0.56,S,AMP-PRO_Backbone,
A-1001,A-320,0.51,3',AMP-PRO_Backbone,
A-1001,A-436,0.92,S,AMP-ILE,
A-1001,A-436,0.68,3',AMP-ILE,
A-1001,A-436,0.56,5',AMP-ILE,
A-1001,A-436,0.55,W,AMP-ILE,
A-1001,A-436,0.5,S,AMP-ILE_Backbone,
